{"cells":[{"cell_type":"markdown","metadata":{"id":"DB8NaI_oo3o5"},"source":["##**BT thực hành 2.2.2: Eigenvalues và eigenvectors của ma trận ĐỐI XỨNG**\n","\n","\n","> Cập nhật: **11/2023**\n","\n"]},{"cell_type":"code","execution_count":null,"metadata":{"id":"QlYHj2vyo3os"},"outputs":[],"source":["import numpy      as np\n","import warnings\n","warnings.filterwarnings('ignore')\n","\n","from numpy.linalg import eig, inv\n","from numpy        import diag"]},{"cell_type":"code","execution_count":null,"metadata":{"colab":{"base_uri":"https://localhost:8080/"},"id":"7vPSn7Cqo3o9","executionInfo":{"status":"ok","timestamp":1731647888605,"user_tz":-420,"elapsed":337,"user":{"displayName":"Nguyễn An Tế - Khoa CNTTKD","userId":"03515761134611870843"}},"outputId":"9d179905-28ac-407e-d029-c9b9771827ad"},"outputs":[{"output_type":"stream","name":"stdout","text":["Ma trận A (5, 5) :\n"," [[ 1  1  4  4  5]\n"," [ 2 10  1  9  2]\n"," [ 4  8  2  1  7]\n"," [ 2 10  4  2  8]\n"," [ 9  8  3  1 10]]\n"]}],"source":["## Tạo ma trận A(5 x 5) chứa các giá trị ngẫu nhiên trong khoảng 1 - 10\n","m, n, min, max = 5, 5, 1, 10\n","A = np.random.randint(min, max + 1, (m, n))\n","print('Ma trận A', A.shape, ':\\n', A)"]},{"cell_type":"code","execution_count":null,"metadata":{"colab":{"base_uri":"https://localhost:8080/"},"id":"y2HvtZS2o3pA","executionInfo":{"status":"ok","timestamp":1731647891354,"user_tz":-420,"elapsed":315,"user":{"displayName":"Nguyễn An Tế - Khoa CNTTKD","userId":"03515761134611870843"}},"outputId":"e95cf15e-ccda-4a02-bba8-4af807ab6fcd"},"outputs":[{"output_type":"execute_result","data":{"text/plain":["array([[ 59,  62,  59,  76,  83],\n","       [ 62, 190, 113, 142, 130],\n","       [ 59, 113, 134, 154, 177],\n","       [ 76, 142, 154, 188, 192],\n","       [ 83, 130, 177, 192, 255]])"]},"metadata":{},"execution_count":3}],"source":["## Tạo ma trận đối xứng  P = A @ A.T\n","##Nếu có ma trận đối xứng thì trị riêng (nghiệm) luôn luôn có nghiệm thực\n","P = A @ A.T\n","P"]},{"cell_type":"code","execution_count":null,"metadata":{"id":"9mowchl3o3pC"},"outputs":[],"source":["## Tìm eigenvalues và eigenvectors của P\n","values, vectors = eig(P)"]},{"cell_type":"code","execution_count":null,"metadata":{"id":"o8sUUjgxo3pD","colab":{"base_uri":"https://localhost:8080/"},"executionInfo":{"status":"ok","timestamp":1731647901026,"user_tz":-420,"elapsed":344,"user":{"displayName":"Nguyễn An Tế - Khoa CNTTKD","userId":"03515761134611870843"}},"outputId":"3d87d5ea-3f06-4ee6-998e-dcb8db0e74ad"},"outputs":[{"output_type":"stream","name":"stdout","text":["Eigenvalue[0] = (686.875910, 0.000000)\n","Eigenvalue[1] = (91.749419, 0.000000)\n","Eigenvalue[2] = (0.159886, 0.000000)\n","Eigenvalue[3] = (28.016781, 0.000000)\n","Eigenvalue[4] = (19.198005, 0.000000)\n","\n","Eigenvectors (5, 5) :\n"," [[-0.21956426 -0.0221886  -0.16096302 -0.95671224  0.10045799]\n"," [-0.42112217 -0.84850333  0.02970328  0.14136599  0.2860622 ]\n"," [-0.43429112  0.1601253  -0.83915273  0.21773042 -0.1848439 ]\n"," [-0.50779262  0.00809615  0.42107496 -0.03332829 -0.75077707]\n"," [-0.57270021  0.50382943  0.30286497  0.12727938  0.55699473]]\n"]}],"source":["## Hiển thị kết quả: Trị riêng lambda(r: số thực, i: số phức)\n","for j in range(len(values)):\n","    eigenvalue = values[j]\n","\n","    r = values[j].real\n","    i = values[j].imag\n","    print('Eigenvalue[%1d]' %j, '= (%f,' %r, '%f)' %i)\n","\n","print('\\nEigenvectors', vectors.shape, ':\\n', vectors)"]},{"cell_type":"markdown","source":["---\n","#### **Nhận xét:**\n","- Ma trận ĐỐI XỨNG có các giá trị riêng đều là SỐ THỰC !\n","---"],"metadata":{"id":"wXtR5GhMrzBG"}},{"cell_type":"code","source":["## Tái tạo P từ các eigenvectors và eigenvalues: P = B @ Lambda @ B_1\n","from numpy.linalg import inv\n","B      = vectors\n","Lambda = diag(values)\n","\n","print('Tái tạo ma trận P:\\n', np.rint(B @ Lambda @ inv(B)).astype(int))"],"metadata":{"colab":{"base_uri":"https://localhost:8080/"},"id":"6Vwlr5NAvxn6","executionInfo":{"status":"ok","timestamp":1731647905923,"user_tz":-420,"elapsed":343,"user":{"displayName":"Nguyễn An Tế - Khoa CNTTKD","userId":"03515761134611870843"}},"outputId":"50407f26-9996-45a7-e7ba-f6151794b75a"},"execution_count":null,"outputs":[{"output_type":"stream","name":"stdout","text":["Tái tạo ma trận B:\n"," [[ 59  62  59  76  83]\n"," [ 62 190 113 142 130]\n"," [ 59 113 134 154 177]\n"," [ 76 142 154 188 192]\n"," [ 83 130 177 192 255]]\n"]}]}],"metadata":{"kernelspec":{"display_name":"Python 3","language":"python","name":"python3"},"language_info":{"codemirror_mode":{"name":"ipython","version":3},"file_extension":".py","mimetype":"text/x-python","name":"python","nbconvert_exporter":"python","pygments_lexer":"ipython3","version":"3.9.2"},"colab":{"provenance":[]}},"nbformat":4,"nbformat_minor":0}